539
0

1 u 0 0
2 i 0 0
3 g 0 0
4 j 0 0
5 n 0 0
6 v 0 0
7 r 0 0
8 e 0 0
9 i 0 0
10 c 0 0
11 m 0 0
12 u 0 0
13 a 0 0
14 q 0 0
15 z 0 0
16 q 0 0
17 s 0 0
18 n 0 0
19 i 0 0
20 f 0 0
21 x 0 0
22 h 0 0
23 u 0 0
24 j 0 0
25 b 0 0
26 x 0 0
27 o 0 0
28 l 0 0
29 u 0 0
30 e 0 0
31 b 0 0
32 w 0 0
33 n 0 0
34 c 0 0
35 u 0 0
36 u 0 0
37 u 0 0
38 r 0 0
39 e 0 0
40 u 0 0
41 e 0 0
42 f 0 0
43 v 0 0
44 e 0 0
45 o 0 0
46 n 0 0
47 i 0 0
48 y 0 0
49 i 0 0
50 i 0 0
51 t 0 0
52 i 0 0
53 g 0 0
54 l 0 0
55 w 0 0
56 u 0 0
57 j 0 0
58 f 0 0
59 x 0 0
60 b 0 0
61 u 0 0
62 e 0 0
63 l 0 0
64 e 0 0
65 s 0 0
66 v 0 0
67 e 0 0
68 z 0 0
69 e 0 0
70 u 0 0
71 i 0 0
72 l 0 0
73 i 0 0
74 d 0 0
75 p 0 0
76 i 0 0
77 x 0 0
78 i 0 0
79 b 0 0
80 o 0 0
81 b 0 0
82 l 0 0
83 e 0 0
84 e 0 0
85 u 0 0
86 b 0 0
87 n 0 0
88 d 0 0
89 z 0 0
90 n 0 0
91 a 0 0
92 g 0 0
93 t 0 0
94 a 0 0
95 u 0 0
96 g 0 0
97 t 0 0
98 y 0 0
99 e 0 0
100 d 0 0
101 w 0 0
102 o 0 0
103 m 0 0
104 s 0 0
105 v 0 0
106 k 0 0
107 e 0 0
108 c 0 0
109 s 0 0
110 p 0 0
111 y 0 0
112 w 0 0
113 a 0 0
114 z 0 0
115 i 0 0
116 v 0 0
117 u 0 0
118 v 0 0
119 a 0 0
120 u 0 0
121 a 0 0
122 i 0 0
123 o 0 0
124 i 0 0
125 r 0 0
126 d 0 0
127 o 0 0
128 k 0 0
129 e 0 0
130 n 0 0
131 r 0 0
132 d 0 0
133 o 0 0
134 o 0 0
135 l 0 0
136 w 0 0
137 h 0 0
138 i 0 0
139 a 0 0
140 b 0 0
141 r 2 1
142 w 3 0
143 a 4 0
144 b 6 5
145 i 8 7
146 i 10 9
147 a 0 0
148 p 12 11
149 u 0 0
150 p 0 13
151 o 15 14
152 j 0 16
153 h 18 17
154 s 19 0
155 l 0 20
156 e 0 21
157 e 0 22
158 s 0 23
159 p 24 0
160 v 26 25
161 e 27 0
162 x 29 28
163 o 0 30
164 d 0 31
165 l 33 32
166 b 35 34
167 g 36 0
168 m 38 37
169 c 40 39
170 q 42 41
171 q 43 0
172 p 0 44
173 o 45 0
174 e 0 46
175 q 47 0
176 u 0 48
177 o 50 49
178 a 0 51
179 i 0 52
180 k 0 53
181 j 54 0
182 t 0 55
183 y 57 56
184 o 59 58
185 m 61 60
186 f 63 62
187 v 65 64
188 u 67 66
189 i 68 0
190 v 69 0
191 h 0 0
192 r 0 70
193 c 72 71
194 s 0 73
195 u 75 74
196 j 0 76
197 t 77 0
198 t 0 0
199 a 79 78
200 e 81 80
201 z 0 82
202 o 84 83
203 k 0 85
204 p 0 86
205 l 88 87
206 e 89 0
207 m 0 90
208 k 92 91
209 y 93 0
210 o 95 94
211 o 97 96
212 q 0 98
213 k 99 0
214 m 100 0
215 p 102 101
216 l 0 103
217 d 105 104
218 a 106 0
219 t 108 107
220 i 0 109
221 e 0 110
222 f 112 111
223 z 114 113
224 a 0 0
225 a 116 115
226 d 118 117
227 a 119 0
228 l 120 0
229 y 121 0
230 e 123 122
231 i 125 124
232 e 0 0
233 n 0 0
234 a 126 0
235 i 128 127
236 o 129 0
237 u 131 130
238 h 133 132
239 m 0 0
240 l 135 134
241 x 136 0
242 e 0 137
243 o 139 138
244 m 141 140
245 h 143 142
246 g 145 144
247 q 0 146
248 i 0 147
249 u 149 148
250 o 151 150
251 o 152 0
252 i 153 0
253 w 0 154
254 e 156 155
255 x 158 157
256 q 159 0
257 e 161 160
258 p 0 162
259 v 163 0
260 d 0 0
261 k 164 0
262 c 0 165
263 o 166 0
264 i 0 167
265 c 169 168
266 q 171 170
267 f 0 172
268 m 0 173
269 i 0 174
270 a 176 175
271 z 178 177
272 a 0 179
273 a 181 180
274 u 183 182
275 g 184 0
276 m 185 0
277 j 186 0
278 u 0 187
279 r 189 188
280 r 191 190
281 e 193 192
282 w 195 194
283 a 196 0
284 y 198 197
285 e 200 199
286 d 202 201
287 k 0 203
288 u 0 204
289 o 206 205
290 o 0 207
291 x 0 208
292 h 0 209
293 u 210 0
294 t 0 0
295 u 0 0
296 n 211 0
297 m 213 212
298 k 215 214
299 e 0 0
300 s 0 216
301 n 0 0
302 m 218 217
303 n 0 0
304 j 219 0
305 r 0 0
306 a 220 0
307 e 221 0
308 s 222 0
309 y 0 223
310 k 225 224
311 i 0 0
312 x 226 0
313 i 0 0
314 j 227 0
315 f 229 228
316 i 0 0
317 f 0 230
318 a 232 231
319 k 234 233
320 b 0 0
321 a 0 235
322 h 237 236
323 w 239 238
324 m 241 240
325 t 243 242
326 i 0 0
327 b 245 244
328 i 247 246
329 z 0 248
330 j 250 249
331 q 0 0
332 y 252 251
333 j 0 253
334 i 0 254
335 a 0 255
336 q 256 0
337 o 0 257
338 k 0 0
339 j 258 0
340 a 0 0
341 u 260 259
342 r 262 261
343 t 264 263
344 h 0 265
345 u 266 0
346 c 268 267
347 t 270 269
348 i 272 271
349 f 273 0
350 e 0 274
351 y 276 275
352 e 0 277
353 m 0 278
354 v 280 279
355 i 0 0
356 s 281 0
357 l 282 0
358 e 284 283
359 o 285 0
360 u 0 0
361 f 287 286
362 p 0 288
363 o 290 289
364 k 292 291
365 q 294 293
366 g 296 295
367 u 298 297
368 q 0 0
369 d 0 0
370 o 300 299
371 g 0 301
372 i 303 302
373 u 0 0
374 s 0 304
375 d 306 305
376 f 0 0
377 m 308 307
378 y 0 0
379 e 310 309
380 w 0 311
381 m 313 312
382 c 0 314
383 u 316 315
384 a 317 0
385 u 319 318
386 e 0 0
387 a 321 320
388 a 323 322
389 o 0 0
390 u 325 324
391 t 327 326
392 i 328 0
393 r 330 329
394 e 332 331
395 e 0 333
396 i 0 334
397 t 336 335
398 e 0 337
399 m 338 0
400 o 0 339
401 a 341 340
402 c 343 342
403 u 345 344
404 l 347 346
405 r 349 348
406 i 351 350
407 m 0 352
408 s 0 353
409 i 355 354
410 c 0 0
411 s 0 0
412 f 0 0
413 o 0 356
414 s 357 0
415 s 0 0
416 d 359 358
417 a 361 360
418 e 0 362
419 h 364 363
420 l 366 365
421 j 368 367
422 e 369 0
423 z 371 370
424 k 0 372
425 i 374 373
426 a 375 0
427 o 0 376
428 i 378 377
429 j 0 379
430 i 0 380
431 l 382 381
432 f 383 0
433 p 385 384
434 f 386 0
435 o 0 0
436 k 388 387
437 r 390 389
438 h 0 0
439 b 391 0
440 y 392 0
441 y 394 393
442 c 396 395
443 r 398 397
444 j 399 0
445 o 401 400
446 r 0 0
447 u 403 402
448 z 0 404
449 r 0 405
450 e 407 406
451 e 0 408
452 w 410 409
453 h 412 411
454 b 413 0
455 x 0 0
456 u 0 414
457 t 416 415
458 n 418 417
459 u 0 0
460 c 420 419
461 e 421 0
462 i 423 422
463 h 424 0
464 o 426 425
465 m 428 427
466 x 430 429
467 v 432 431
468 i 434 433
469 q 0 435
470 i 437 436
471 u 0 438
472 r 440 439
473 d 0 441
474 h 443 442
475 u 445 444
476 z 447 446
477 k 449 448
478 i 451 450
479 z 0 452
480 i 0 453
481 l 0 454
482 r 456 455
483 c 458 457
484 n 460 459
485 f 462 461
486 p 463 0
487 a 464 0
488 f 466 465
489 s 0 0
490 u 468 467
491 h 470 469
492 e 0 0
493 u 0 0
494 e 472 471
495 n 474 473
496 t 0 0
497 y 476 475
498 o 0 477
499 r 478 0
500 j 480 479
501 u 482 481
502 r 484 483
503 o 486 485
504 y 487 0
505 z 489 488
506 j 0 0
507 i 491 490
508 b 0 492
509 i 494 493
510 o 495 0
511 m 497 496
512 g 498 0
513 c 500 499
514 i 502 501
515 v 504 503
516 d 505 0
517 g 0 0
518 c 507 506
519 f 509 508
520 i 511 510
521 y 512 0
522 a 514 513
523 p 515 0
524 j 516 0
525 i 518 517
526 b 0 0
527 x 520 519
528 c 522 521
529 r 524 523
530 o 0 525
531 g 527 526
532 a 528 0
533 e 530 529
534 a 531 0
535 i 0 532
536 r 533 0
537 v 535 534
538 b 536 0
539 w 538 537
