134

1 2 3 4 5 6 7 8 9 10 
134 133 132 131 130 129 128 127 126 125 124 123 122 121 120 119 118 117 116 115 114 113 112 111 110 109 

Inf Inf Inf Inf Inf Inf Inf Inf Inf Inf Inf Inf Inf Inf Inf Inf Inf Inf Inf Inf Inf Inf Inf Inf Inf Inf Inf Inf Inf Inf Inf Inf Inf Inf Inf Inf Inf Inf Inf Inf Inf Inf Inf Inf Inf Inf Inf Inf Inf Inf Inf Inf Inf Inf Inf Inf Inf Inf Inf Inf Inf Inf Inf Inf Inf Inf Inf Inf Inf Inf Inf Inf Inf Inf Inf Inf Inf Inf Inf Inf Inf Inf Inf Inf Inf Inf Inf Inf Inf Inf Inf Inf Inf Inf Inf Inf Inf Inf Inf Inf Inf Inf Inf Inf Inf Inf Inf Inf Inf Inf Inf Inf Inf Inf Inf Inf Inf Inf Inf Inf Inf Inf Inf Inf Inf Inf Inf Inf Inf Inf Inf Inf Inf Inf 

1756
1 28 17 
1 96 62 
1 24 1 
1 104 95 
1 103 7 
1 41 78 
1 129 13 
1 43 77 
1 31 73 
1 22 28 
2 73 6 
2 71 38 
2 15 65 
2 110 72 
2 87 63 
2 40 98 
2 67 96 
2 33 7 
2 91 81 
3 46 60 
3 73 12 
3 118 95 
3 52 10 
3 41 30 
3 85 20 
3 66 74 
3 21 66 
3 15 62 
4 43 27 
4 108 76 
4 71 51 
4 119 26 
4 53 60 
4 80 70 
4 73 16 
4 60 95 
4 55 21 
4 101 29 
5 105 94 
5 75 88 
5 48 56 
5 94 59 
5 11 63 
5 118 57 
5 51 95 
5 109 17 
5 107 54 
5 13 2 
6 36 51 
6 45 84 
6 32 5 
6 7 81 
6 81 86 
6 22 27 
6 133 61 
6 10 49 
6 53 35 
6 114 89 
7 53 78 
7 91 38 
7 85 81 
7 12 21 
7 27 51 
7 59 47 
7 92 72 
7 127 59 
7 49 78 
8 47 64 
8 48 27 
8 87 21 
8 14 40 
8 2 34 
8 45 5 
8 121 76 
8 77 39 
8 68 52 
8 105 90 
9 87 85 
9 78 55 
9 54 69 
9 86 86 
9 29 81 
9 43 75 
9 71 70 
9 96 20 
9 121 77 
9 84 49 
10 77 90 
10 96 25 
10 51 99 
10 57 21 
10 49 74 
10 133 3 
10 33 49 
10 100 91 
10 87 87 
10 109 48 
11 107 90 
11 111 64 
11 3 23 
11 42 52 
11 102 94 
11 33 13 
11 95 57 
11 109 48 
11 88 52 
11 51 56 
12 35 34 
12 113 35 
12 48 20 
12 128 51 
12 105 52 
12 37 25 
12 95 72 
12 17 51 
12 87 23 
12 8 45 
13 26 7 
13 101 50 
13 88 45 
13 53 22 
13 4 22 
13 99 74 
13 127 39 
13 25 89 
13 77 85 
13 17 16 
14 97 41 
14 101 77 
14 67 32 
14 76 58 
14 130 21 
14 43 10 
14 29 6 
14 68 23 
14 40 54 
15 25 55 
15 29 51 
15 4 87 
15 34 55 
15 48 30 
15 103 58 
15 123 34 
15 30 65 
15 31 98 
16 69 44 
16 89 92 
16 19 91 
16 30 11 
16 40 75 
16 78 61 
16 48 95 
16 57 26 
16 81 50 
16 52 55 
17 61 2 
17 5 53 
17 66 98 
17 41 7 
17 114 29 
17 62 14 
17 73 73 
17 2 77 
17 55 53 
17 98 33 
18 74 55 
18 132 8 
18 16 4 
18 39 81 
18 67 65 
18 90 35 
18 7 98 
18 63 78 
18 9 12 
19 84 95 
19 67 30 
19 62 82 
19 89 35 
19 74 97 
19 130 61 
19 16 11 
19 56 51 
19 104 53 
19 47 18 
20 26 69 
20 85 87 
20 126 96 
20 79 65 
20 96 11 
20 19 78 
20 131 54 
20 44 76 
20 127 18 
20 95 69 
21 51 80 
21 2 17 
21 61 1 
21 18 4 
21 72 54 
21 122 26 
21 42 30 
21 104 92 
21 130 35 
21 10 49 
22 56 85 
22 112 54 
22 87 37 
22 20 43 
22 68 20 
22 6 26 
22 100 58 
22 18 83 
23 35 93 
23 57 85 
23 107 23 
23 85 98 
23 130 84 
23 115 54 
23 96 75 
23 26 5 
23 36 88 
23 50 17 
24 53 73 
24 100 3 
24 81 75 
24 45 27 
24 49 86 
24 85 43 
24 42 68 
24 1 51 
24 64 7 
24 38 100 
25 21 97 
25 32 58 
25 86 64 
25 116 42 
25 18 84 
25 93 86 
25 92 15 
25 87 45 
26 39 2 
26 88 66 
26 75 18 
26 15 64 
26 95 19 
26 64 65 
26 45 19 
26 19 38 
26 73 36 
26 93 36 
27 10 95 
27 94 57 
27 26 19 
27 79 2 
27 2 1 
27 125 53 
27 118 25 
27 44 86 
27 70 45 
28 26 2 
28 95 19 
28 69 83 
28 43 54 
28 5 78 
28 38 47 
28 112 60 
28 72 57 
28 124 53 
28 122 27 
29 51 89 
29 28 10 
29 132 45 
29 82 63 
29 120 25 
29 22 85 
29 125 20 
29 57 97 
29 71 62 
29 97 72 
30 101 91 
30 27 38 
30 24 62 
30 71 17 
30 37 20 
30 57 69 
30 23 22 
30 103 52 
30 72 15 
30 117 47 
31 122 77 
31 44 16 
31 96 38 
31 14 50 
31 66 14 
31 83 38 
31 33 39 
31 32 9 
31 49 72 
31 123 67 
32 2 71 
32 92 2 
32 105 16 
32 20 61 
32 111 23 
32 21 20 
32 116 42 
32 53 47 
32 86 77 
33 18 17 
33 51 70 
33 65 93 
33 80 60 
33 105 2 
33 64 7 
33 90 64 
33 26 68 
33 57 66 
33 25 12 
34 101 39 
34 107 39 
34 30 65 
34 4 62 
34 12 80 
34 133 77 
34 45 57 
34 54 56 
34 52 24 
34 88 17 
35 123 92 
35 104 1 
35 68 84 
35 61 37 
35 94 1 
35 78 40 
35 50 78 
35 119 23 
35 130 14 
36 53 74 
36 12 94 
36 30 29 
36 126 83 
36 66 67 
36 79 80 
36 72 74 
36 55 64 
36 98 1 
36 50 61 
37 66 99 
37 94 43 
37 44 30 
37 115 21 
37 43 1 
37 22 41 
37 77 62 
37 112 8 
37 20 86 
37 109 93 
38 25 92 
38 114 61 
38 24 4 
38 22 78 
38 70 75 
38 21 56 
38 118 91 
38 92 52 
38 34 15 
38 42 15 
39 90 98 
39 12 41 
39 17 40 
39 61 100 
39 68 41 
39 95 76 
39 10 16 
39 108 1 
39 85 11 
39 75 75 
40 41 69 
40 52 61 
40 50 32 
40 106 78 
40 58 35 
40 80 13 
40 131 99 
40 101 43 
40 56 4 
40 79 63 
41 38 38 
41 3 80 
41 90 78 
41 1 24 
41 2 10 
41 121 88 
41 74 53 
41 10 9 
42 82 10 
42 65 72 
42 21 26 
42 121 46 
42 89 60 
42 120 77 
42 27 3 
42 41 2 
42 127 87 
42 132 72 
43 37 74 
43 91 78 
43 100 42 
43 107 19 
43 66 83 
43 46 99 
43 67 51 
43 83 74 
43 63 57 
44 41 9 
44 32 30 
44 66 40 
44 104 94 
44 87 8 
44 54 26 
44 113 18 
44 91 38 
44 63 21 
44 93 4 
45 100 34 
45 63 46 
45 52 60 
45 25 44 
45 9 54 
45 58 52 
45 53 66 
45 7 66 
45 103 20 
46 21 29 
46 4 59 
46 8 53 
46 53 56 
46 78 3 
46 118 27 
46 36 99 
46 30 19 
46 72 19 
46 105 15 
47 37 49 
47 82 18 
47 48 3 
47 84 94 
47 53 95 
47 14 97 
47 129 63 
47 31 50 
48 85 85 
48 72 39 
48 107 92 
48 43 82 
48 102 91 
48 61 76 
48 20 43 
48 40 77 
48 124 41 
49 76 2 
49 86 97 
49 128 92 
49 48 30 
49 19 42 
49 53 97 
49 99 36 
49 11 61 
49 66 49 
49 116 88 
50 41 42 
50 14 30 
50 28 57 
50 133 30 
50 56 61 
50 79 59 
50 101 11 
50 97 25 
50 5 74 
50 40 48 
51 79 73 
51 46 40 
51 111 35 
51 37 38 
51 83 46 
51 107 95 
51 71 27 
52 70 98 
52 19 100 
52 2 100 
52 106 14 
52 46 81 
52 82 87 
52 78 9 
52 89 64 
52 25 31 
52 72 78 
53 64 78 
53 19 15 
53 82 5 
53 6 17 
53 127 37 
53 66 22 
53 107 94 
53 75 45 
53 120 97 
53 114 18 
54 113 71 
54 77 82 
54 110 34 
54 87 26 
54 30 92 
54 43 57 
54 83 96 
54 68 18 
54 11 96 
55 65 63 
55 45 91 
55 2 91 
55 67 53 
55 86 46 
55 21 16 
55 29 77 
55 97 51 
55 50 95 
55 115 26 
56 103 82 
56 54 71 
56 33 26 
56 4 2 
56 12 77 
56 28 1 
56 64 67 
56 35 99 
56 32 31 
57 68 72 
57 24 95 
57 12 8 
57 76 10 
57 11 24 
57 108 97 
57 121 56 
57 46 46 
57 6 84 
57 120 29 
58 116 97 
58 13 3 
58 60 24 
58 112 19 
58 14 3 
58 128 81 
58 80 23 
58 98 73 
58 127 87 
59 18 18 
59 23 56 
59 103 54 
59 79 58 
59 117 53 
59 45 1 
59 53 19 
59 66 11 
59 104 55 
59 123 48 
60 50 93 
60 119 30 
60 2 55 
60 62 49 
60 44 37 
60 102 82 
60 76 71 
60 40 30 
60 112 42 
60 74 65 
61 103 77 
61 36 94 
61 96 68 
61 54 41 
61 120 84 
61 26 31 
61 81 15 
61 86 44 
61 15 67 
61 115 4 
62 68 79 
62 93 8 
62 127 73 
62 108 77 
62 38 80 
62 121 60 
62 87 6 
62 83 55 
62 45 9 
62 90 100 
63 21 82 
63 120 73 
63 47 94 
63 103 22 
63 6 11 
63 93 66 
63 88 9 
63 3 94 
63 104 14 
63 28 99 
64 133 63 
64 69 1 
64 92 16 
64 110 97 
64 128 50 
64 8 20 
64 102 82 
64 36 32 
64 120 11 
64 129 39 
65 10 29 
65 40 15 
65 114 29 
65 73 21 
65 128 82 
65 92 86 
65 116 30 
65 55 15 
65 98 94 
65 106 20 
66 71 63 
66 82 78 
66 107 71 
66 97 65 
66 36 15 
66 85 12 
66 44 33 
66 92 40 
66 16 85 
67 83 25 
67 55 16 
67 54 9 
67 35 50 
67 84 48 
67 94 60 
67 65 4 
67 124 90 
67 32 36 
68 36 34 
68 113 51 
68 62 34 
68 52 89 
68 59 89 
68 81 46 
68 15 43 
68 102 66 
68 85 47 
68 60 56 
69 117 87 
69 91 4 
69 17 33 
69 41 89 
69 34 32 
69 14 28 
69 59 77 
69 110 61 
69 36 34 
70 15 74 
70 31 14 
70 39 44 
70 17 71 
70 110 49 
70 109 86 
70 60 81 
70 92 81 
70 62 99 
70 3 87 
71 124 96 
71 85 98 
71 8 44 
71 64 33 
71 9 11 
71 45 62 
71 83 49 
71 26 51 
71 128 57 
71 32 86 
72 92 99 
72 119 92 
72 127 11 
72 94 44 
72 129 45 
72 126 42 
72 33 95 
72 9 64 
72 113 100 
72 91 99 
73 38 14 
73 119 45 
73 52 39 
73 83 6 
73 107 20 
73 125 4 
73 121 13 
73 28 19 
73 66 35 
74 115 25 
74 62 54 
74 109 18 
74 29 61 
74 9 65 
74 51 79 
74 17 24 
74 8 92 
74 46 71 
74 89 9 
75 124 92 
75 84 12 
75 86 59 
75 122 31 
75 51 55 
75 57 91 
75 32 45 
75 21 49 
75 55 61 
75 70 32 
76 10 21 
76 83 7 
76 22 85 
76 15 57 
76 21 99 
76 7 49 
76 25 30 
76 44 99 
76 18 23 
77 6 98 
77 75 7 
77 51 55 
77 18 57 
77 65 16 
77 63 44 
77 48 1 
77 21 31 
77 111 44 
78 59 5 
78 83 92 
78 48 3 
78 113 25 
78 132 23 
78 108 53 
78 55 4 
78 15 14 
78 65 18 
78 105 25 
79 94 61 
79 45 73 
79 100 18 
79 131 99 
79 21 94 
79 114 19 
79 66 86 
79 83 35 
79 110 4 
79 99 17 
80 106 56 
80 33 49 
80 43 32 
80 107 21 
80 1 84 
80 78 33 
80 77 58 
80 29 60 
80 95 3 
81 24 97 
81 49 3 
81 59 35 
81 123 74 
81 115 52 
81 11 67 
81 3 10 
81 34 70 
81 73 93 
82 60 87 
82 1 61 
82 35 82 
82 11 37 
82 126 25 
82 33 98 
82 100 64 
82 81 7 
82 79 40 
82 61 87 
83 133 21 
83 67 3 
83 88 72 
83 46 75 
83 3 14 
83 84 16 
83 32 96 
83 74 54 
83 82 97 
83 50 74 
84 55 34 
84 65 46 
84 83 22 
84 101 47 
84 3 83 
84 9 57 
84 73 90 
84 57 36 
84 18 34 
84 46 64 
85 116 81 
85 82 50 
85 1 59 
85 27 50 
85 131 28 
85 52 53 
85 77 83 
85 128 76 
85 83 40 
86 46 66 
86 106 60 
86 9 58 
86 66 19 
86 105 57 
86 45 42 
86 3 61 
86 101 65 
86 123 98 
86 60 27 
87 125 3 
87 17 81 
87 40 79 
87 19 82 
87 112 44 
87 59 12 
87 34 20 
87 63 15 
87 113 70 
87 67 71 
88 2 15 
88 38 67 
88 25 55 
88 61 98 
88 83 51 
88 98 82 
88 11 65 
88 35 46 
88 91 13 
89 105 18 
89 91 50 
89 100 51 
89 101 69 
89 123 49 
89 84 98 
89 66 3 
89 49 94 
89 22 51 
89 79 13 
90 17 19 
90 71 16 
90 103 97 
90 39 11 
90 31 30 
90 70 88 
90 120 3 
90 60 88 
90 23 53 
90 86 72 
91 115 47 
91 57 20 
91 53 90 
91 112 10 
91 55 8 
91 18 98 
91 61 88 
91 107 29 
91 90 44 
91 33 83 
92 116 65 
92 96 24 
92 104 6 
92 56 19 
92 103 18 
92 59 16 
92 73 16 
92 26 18 
92 61 100 
92 119 96 
93 37 53 
93 28 36 
93 91 5 
93 126 76 
93 67 54 
93 8 25 
93 101 79 
93 72 37 
93 46 10 
93 39 99 
94 110 49 
94 73 48 
94 53 100 
94 23 43 
94 70 61 
94 82 60 
94 76 87 
94 98 11 
94 61 17 
95 67 24 
95 54 34 
95 38 93 
95 2 38 
95 40 28 
95 18 85 
95 58 1 
95 39 44 
95 30 96 
95 11 3 
96 132 35 
96 32 85 
96 97 11 
96 94 10 
96 71 37 
96 66 89 
96 90 71 
96 67 61 
96 33 95 
96 77 68 
97 29 86 
97 63 3 
97 26 84 
97 116 39 
97 100 65 
97 27 22 
97 47 8 
97 19 93 
97 61 81 
97 125 44 
98 1 80 
98 55 76 
98 19 6 
98 83 64 
98 56 86 
98 97 74 
98 95 83 
98 90 10 
98 48 78 
98 16 98 
99 40 44 
99 86 93 
99 75 28 
99 18 22 
99 83 38 
99 53 24 
99 95 48 
99 39 18 
99 16 87 
99 5 57 
100 122 64 
100 130 95 
100 48 10 
100 98 16 
100 1 55 
100 29 80 
100 76 35 
100 101 2 
100 85 60 
100 126 22 
101 102 91 
101 38 66 
101 72 96 
101 97 95 
101 39 68 
101 80 6 
101 123 84 
101 6 33 
101 83 8 
101 53 31 
102 4 65 
102 44 64 
102 116 86 
102 70 13 
102 50 91 
102 76 95 
102 27 80 
102 55 23 
102 30 99 
102 28 9 
103 94 71 
103 17 1 
103 24 65 
103 95 47 
103 46 33 
103 110 38 
103 85 70 
103 41 26 
104 76 46 
104 47 93 
104 70 83 
104 43 3 
104 94 83 
104 34 52 
104 97 76 
104 57 6 
104 14 16 
105 33 85 
105 62 69 
105 118 58 
105 76 7 
105 46 78 
105 98 38 
105 73 55 
105 11 51 
105 29 23 
106 97 16 
106 46 34 
106 87 77 
106 22 36 
106 120 47 
106 12 37 
106 133 8 
106 96 10 
106 80 24 
106 28 95 
107 129 52 
107 112 76 
107 57 14 
107 131 47 
107 71 31 
107 2 91 
107 63 94 
107 69 90 
107 124 67 
107 123 39 
108 46 27 
108 25 96 
108 49 84 
108 4 2 
108 79 73 
108 40 12 
108 132 80 
108 64 81 
108 116 16 
108 119 5 
109 62 96 
109 9 23 
109 60 64 
109 87 6 
109 29 54 
109 103 29 
109 73 18 
109 94 6 
109 121 23 
110 28 67 
110 34 53 
110 21 24 
110 56 90 
110 79 61 
110 30 86 
110 81 41 
110 51 49 
110 89 63 
110 8 3 
111 133 66 
111 70 3 
111 10 10 
111 95 10 
111 5 91 
111 9 97 
111 85 70 
111 33 2 
111 60 82 
111 28 85 
112 49 36 
112 119 2 
112 69 3 
112 6 90 
112 120 18 
112 95 84 
112 104 5 
112 8 28 
112 14 58 
112 4 32 
113 27 22 
113 104 4 
113 28 29 
113 3 88 
113 12 99 
113 66 56 
113 61 45 
113 32 62 
113 49 63 
114 25 47 
114 86 61 
114 15 84 
114 29 68 
114 38 30 
114 46 88 
114 97 79 
114 95 45 
114 127 99 
114 132 69 
115 47 56 
115 41 82 
115 90 32 
115 78 99 
115 29 46 
115 39 72 
115 57 7 
115 102 47 
115 59 76 
115 99 82 
116 82 65 
116 80 59 
116 56 15 
116 11 2 
116 112 88 
116 108 61 
116 47 45 
116 107 47 
116 61 37 
116 128 73 
117 98 7 
117 118 30 
117 77 31 
117 14 59 
117 58 41 
117 19 63 
117 26 53 
117 114 77 
117 122 92 
118 98 76 
118 38 10 
118 7 98 
118 68 100 
118 116 54 
118 132 72 
118 69 19 
118 76 28 
118 122 76 
119 43 78 
119 27 26 
119 81 43 
119 55 68 
119 8 35 
119 74 86 
119 114 15 
119 90 34 
119 97 3 
119 30 50 
120 60 8 
120 80 19 
120 64 22 
120 61 78 
120 32 84 
120 73 70 
120 31 6 
120 109 50 
120 125 76 
120 93 18 
121 126 28 
121 78 72 
121 40 49 
121 69 58 
121 112 41 
121 82 11 
121 100 80 
121 87 77 
121 25 80 
121 56 55 
122 37 42 
122 104 24 
122 68 70 
122 99 46 
122 29 94 
122 32 6 
122 120 65 
122 102 67 
122 64 85 
123 109 83 
123 133 24 
123 113 64 
123 25 67 
123 74 58 
123 34 6 
123 129 96 
123 99 98 
123 57 57 
123 97 13 
124 97 6 
124 27 24 
124 25 51 
124 29 39 
124 7 66 
124 104 12 
124 89 42 
124 32 61 
124 31 39 
124 47 48 
125 57 100 
125 3 99 
125 59 37 
125 12 12 
125 6 90 
125 121 95 
125 24 47 
125 26 21 
125 62 12 
125 111 84 
126 112 70 
126 25 76 
126 27 83 
126 109 15 
126 32 15 
126 82 21 
126 77 70 
126 116 10 
126 26 18 
126 37 51 
127 22 49 
127 29 6 
127 91 67 
127 69 96 
127 109 88 
127 62 6 
127 102 26 
127 128 67 
127 116 68 
127 106 33 
128 100 47 
128 24 49 
128 59 75 
128 19 74 
128 53 82 
128 90 2 
128 133 21 
128 40 81 
128 94 36 
128 5 68 
129 75 7 
129 130 32 
129 127 5 
129 92 44 
129 122 32 
129 124 58 
129 38 32 
129 105 46 
129 73 15 
129 22 49 
130 99 95 
130 119 31 
130 17 61 
130 29 57 
130 54 91 
130 20 71 
130 21 48 
130 13 32 
130 35 53 
130 44 28 
131 88 2 
131 32 65 
131 101 43 
131 9 90 
131 47 34 
131 6 5 
131 61 92 
131 30 99 
131 71 2 
131 29 51 
132 13 31 
132 40 92 
132 39 28 
132 100 34 
132 76 50 
132 18 67 
132 98 97 
132 75 88 
132 27 97 
132 1 48 
133 33 19 
133 6 62 
133 52 91 
133 13 65 
133 69 66 
133 112 35 
133 64 40 
133 88 26 
133 123 100 
133 18 98 
134 39 71 
134 15 56 
134 112 51 
134 44 10 
134 14 71 
134 54 77 
134 104 60 
134 115 2 
134 69 1 
134 64 93 
127 35 4 
71 25 4 
9 10 56 
18 79 11 
129 89 5 
109 102 76 
29 69 68 
9 104 70 
131 18 87 
56 81 71 
35 74 95 
23 65 37 
64 73 28 
118 11 35 
43 6 44 
50 64 31 
7 126 4 
118 124 28 
80 100 18 
85 55 73 
45 77 18 
83 61 15 
130 46 34 
44 9 46 
99 72 59 
123 122 29 
4 128 21 
121 33 31 
122 112 52 
71 117 66 
13 28 26 
74 31 33 
83 125 29 
19 90 33 
123 1 82 
78 4 48 
26 124 48 
18 33 72 
18 37 48 
82 31 34 
127 103 76 
6 106 61 
104 124 80 
62 34 89 
62 33 14 
56 112 14 
3 51 17 
79 18 50 
11 14 73 
34 19 80 
73 26 66 
97 87 35 
46 64 66 
38 120 40 
117 23 60 
33 101 93 
92 91 14 
128 22 9 
54 56 25 
6 24 91 
82 17 42 
59 35 7 
121 1 34 
83 38 26 
41 76 1 
54 108 52 
30 66 29 
9 88 84 
10 94 2 
108 42 45 
98 21 7 
96 63 49 
77 12 89 
45 107 42 
90 27 47 
102 56 53 
71 55 84 
115 63 14 
3 127 72 
47 101 100 
28 66 14 
44 28 98 
113 25 21 
87 70 69 
3 80 54 
1 48 20 
65 39 32 
30 74 96 
3 130 39 
70 97 3 
20 46 26 
44 89 18 
131 122 13 
96 76 87 
88 132 41 
106 54 30 
100 118 82 
15 14 61 
47 16 52 
72 6 6 
65 79 21 
122 123 3 
128 120 53 
79 82 6 
99 90 55 
119 62 47 
107 28 34 
54 96 51 
74 10 16 
12 81 47 
47 12 49 
126 1 34 
82 49 52 
26 127 75 
99 13 71 
91 131 97 
4 25 72 
33 78 27 
130 18 10 
109 84 11 
77 122 49 
50 70 82 
9 16 42 
103 114 15 
131 50 13 
57 3 48 
79 132 15 
30 28 64 
8 42 5 
52 39 6 
83 97 18 
9 67 34 
2 86 28 
45 5 99 
113 115 32 
124 60 75 
128 11 97 
82 72 94 
32 44 14 
25 60 93 
8 63 30 
6 71 56 
39 126 41 
59 17 48 
57 61 69 
107 56 3 
105 4 12 
12 90 80 
90 114 6 
98 121 72 
69 126 71 
107 86 19 
72 70 63 
41 50 64 
45 27 69 
109 54 97 
50 25 11 
63 36 66 
40 46 16 
130 64 43 
95 133 12 
105 27 57 
108 98 57 
15 59 61 
125 103 53 
84 133 55 
18 49 15 
10 32 80 
91 71 61 
19 121 52 
42 3 33 
58 108 64 
25 3 33 
62 18 71 
69 63 29 
23 67 24 
109 85 10 
8 94 45 
129 106 14 
29 45 20 
47 87 88 
64 11 39 
107 35 91 
35 18 59 
75 7 54 
6 30 47 
14 59 88 
46 66 87 
56 61 8 
111 11 18 
99 57 60 
84 69 82 
27 25 74 
119 99 85 
62 25 20 
72 93 81 
32 5 85 
7 60 61 
87 37 72 
133 57 21 
77 121 93 
86 72 99 
129 98 74 
114 4 41 
38 96 43 
27 103 80 
80 102 51 
111 46 43 
103 131 97 
31 47 4 
116 102 22 
88 65 9 
84 45 59 
39 21 64 
52 59 9 
23 7 55 
84 117 37 
79 86 40 
66 117 45 
125 99 25 
1 107 20 
49 57 99 
23 113 38 
94 56 25 
55 7 19 
61 85 60 
118 72 3 
88 63 69 
80 117 92 
58 33 92 
80 133 55 
40 129 76 
121 10 54 
129 65 39 
41 46 25 
117 85 7 
19 39 88 
19 40 43 
46 97 79 
130 43 55 
97 6 38 
51 45 36 
39 86 97 
29 2 76 
78 42 9 
133 80 86 
126 98 51 
103 37 29 
38 3 91 
5 133 87 
104 17 9 
97 121 40 
6 27 19 
57 109 24 
97 53 22 
75 26 24 
123 30 89 
2 54 22 
19 71 72 
55 76 65 
123 54 59 
35 14 88 
67 110 33 
99 27 100 
95 69 23 
48 10 98 
3 133 53 
12 55 44 
36 73 6 
102 127 80 
61 38 9 
128 72 21 
36 59 24 
107 118 12 
129 86 77 
43 88 43 
119 20 97 
37 110 99 
65 6 35 
24 54 11 
52 5 45 
80 32 55 
45 69 20 
46 109 90 
41 12 80 
4 76 90 
3 99 5 
128 15 18 
38 66 78 
15 84 48 
132 128 69 
124 41 43 
2 8 65 
123 103 39 
109 106 98 
100 108 96 
65 23 11 
40 67 60 
98 25 3 
109 93 46 
67 91 69 
93 81 63 
16 83 80 
4 126 13 
3 101 54 
78 121 85 
16 13 1 
111 31 23 
6 60 42 
117 126 99 
11 7 11 
131 76 17 
47 79 89 
11 81 58 
55 80 61 
74 119 59 
118 32 39 
91 38 59 
102 75 73 
46 85 51 
71 4 87 
98 50 45 
118 115 16 
104 36 96 
132 30 85 
132 65 41 
65 49 75 
82 6 90 
96 128 21 
13 65 68 
130 14 97 
123 38 43 
116 90 83 
94 9 36 
126 73 52 
78 101 44 
41 63 61 
89 130 67 
81 52 100 
83 96 25 
42 78 18 
30 93 91 
82 85 57 
104 62 56 
53 61 98 
29 101 6 
133 110 32 
90 37 14 
103 42 91 
114 83 99 
81 112 54 
111 114 92 
81 85 42 
58 86 81 
108 86 23 
99 96 90 
13 12 92 
32 114 20 
13 94 69 
125 96 25 
8 74 63 
13 120 7 
133 98 47 
87 72 94 
17 92 67 
38 104 49 
96 56 93 
116 68 73 
31 59 56 
32 122 84 
13 129 16 
133 63 5 
43 62 52 
118 15 13 
120 85 69 
5 43 85 
114 5 5 
124 120 71 
94 71 86 
27 23 50 
86 90 56 
85 89 100 
71 131 21 
75 37 3 
17 77 68 
51 82 7 
108 62 61 
9 52 51 
109 12 95 
2 92 71 
71 44 48 
56 129 93 
103 120 60 
132 115 52 
96 131 10 
65 102 51 
23 131 76 
94 6 77 
18 35 74 
120 37 80 
112 28 72 
60 83 71 
17 106 81 
26 25 53 
112 51 45 
102 128 66 
20 88 23 
43 26 87 
132 12 94 
46 45 42 
57 25 90 
118 42 85 
31 121 51 
113 111 42 
59 11 73 
27 112 7 
125 16 58 
105 68 24 
121 34 67 
85 91 86 
131 129 74 
16 26 42 
112 5 90 
61 117 82 
115 65 64 
29 111 68 
85 23 66 
86 128 86 
20 36 5 
131 121 97 
80 39 33 
44 109 45 
129 87 87 
112 15 8 
105 50 6 
130 78 98 
129 83 59 
10 90 74 
91 109 36 
120 107 76 
29 17 26 
97 66 91 
90 98 65 
120 123 20 
82 41 15 
74 36 100 
89 45 34 
19 2 92 
39 129 91 
45 36 69 
90 65 51 
31 28 28 
59 38 43 
21 24 75 
122 46 8 
2 55 42 
51 128 81 
75 33 30 
96 88 29 
57 118 59 
84 97 9 
76 118 38 
